<?xml version="1.0"?>
<opencv_storage>
<intrinsic type_id="opencv-matrix">
  <rows>3</rows>
  <cols>3</cols>
  <dt>d</dt>
  <data>
    1.4220773723444095e+03 0. 9.9013932221014238e+02 0.
    1.4215307674326345e+03 5.8495285913273892e+02 0. 0. 1.</data></intrinsic>
<distortion type_id="opencv-matrix">
  <rows>1</rows>
  <cols>5</cols>
  <dt>d</dt>
  <data>
    -1.5823365683625751e-01 7.1739787799703608e-02
    -2.0583387851448088e-04 3.5665927006020017e-04
    3.2082249355396365e-02</data></distortion>
</opencv_storage>
